PLAY #,ODK,DN,DIST,HASH,YARD LN,PLAY TYPE,RESULT,GN/LS,OFF FORM,OFF PLAY,OFF STR,PLAY DIR,GAP,PASS ZONE,DEF FRONT,COVERAGE,BLITZ,QTR
1,K,,,,,KO Rec,,,,,,,,,,,,
2,S,,,,,,,,,,,,,,,,,
3,S,,,,,,,,,,,,,,,,,
4,O,1,10,M,-16,Run,,4,TRUCK,WASHINGTON,,,,,,,,
5,S,,,,,,,,,,,,,,,,,
6,O,2,6,L,-20,Pass,,0,TRASH,,,,,,,,,
7,S,,,,,,,,,,,,,,,,,
8,O,3,6,L,-20,Pass,,0,,SANDPIPER,,,,,,,,
9,S,,,,,,,,,,,,,,,,,
10,K,4,6,L,-20,Punt,,,,,,,,,,,,
11,S,,,,,,,,,,,,,,,,,
12,D,1,10,R,50,Run,,0,RACKET,WHAM,,,,,EAGLE MOVE,CUSE,,
13,S,,,,,,,,,,,,,,,,,
14,D,2,10,R,50,Pass,,-3,RACKET,BUBBLE,,,,,FIELD MOVE,TEXAS,,
15,S,,,,,,,,,,,,,,,,,
16,D,3,13,L,-47,Pass,,0,DOUBLES,HAMMER,,,,,WOLF,CUSE SHARK,,
17,S,,,,,,,,,,,,,,,,,
18,K,,,L,,Punt Rec,,,,,,,,,,,,
19,S,,,,,,,,,,,,,,,,,
20,O,1,10,R,-16,Run,,2,DOUBLES,HOUSTON,,,,,,,,
21,S,,,,,,,,,,,,,,,,,
22,O,2,8,R,-18,Run,,5,BELL,NEW ENGLAND,,,,,,,,
23,S,,,,,,,,,,,,,,,,,
24,O,3,3,R,-23,,,-5,,,,,,,,,,
25,S,,,,,,,,,,,,,,,,,
26,O,3,8,R,-18,Pass,,18,,VULTURE,,,,,,,,
27,S,,,,,,,,,,,,,,,,,
28,O,1,10,R,49,Run,,0,DEUCE,HOUSTON,,,,,,,,
29,S,,,,,,,,,,,,,,,,,
30,O,2,10,R,49,Pass,,0,DOUBLES,,,,,,,,,
31,S,,,,,,,,,,,,,,,,,
32,O,3,10,R,49,Pass,,0,DOUBLES,,,,,,,,,
33,S,,,,,,,,,,,,,,,,,
34,K,,,R,,Punt,,,,,,,,,,,,
35,S,,,,,,,,,,,,,,,,,
36,D,1,10,L,-11,Run,,8,DEUCE,PIN PULL,,,,,MOVE FIELD,CUSE,,
37,S,,,,,,,,,,,,,,,,,
38,D,2,2,L,-19,Run,,5,DOUBLES,QB ISO,,,,,OKIE,CHECK,,
39,S,,,,,,,,,,,,,,,,,
40,D,1,10,L,-24,Pass,,12,TREY,RPO X SLANT,,,,,OKIE,HOUSTON,BILL FALCON,
41,S,,,,,,,,,,,,,,,,,
42,D,1,10,L,-36,Run,,12,DOUBLES,TACKLE WRAP,,,,,FIELD,TEXAS,,
43,S,,,,,,,,,,,,,,,,,
44,O,1,10,M,48,Pass,,0,TRIO,,,,,,,,,
45,S,,,,,,,,,,,,,,,,,
46,O,2,10,M,48,Pass,,0,TRIO,,,,,,,,,
47,S,,,,,,,,,,,,,,,,,
48,O,3,10,M,48,Pass,,0,TENT,AKRON,,,,,,,,
49,S,,,,,,,,,,,,,,,,,
50,K,4,10,M,48,Punt,,,,,,,,,,,,
51,S,,,,,,,,,,,,,,,,,
52,D,1,10,L,-11,Pass,,2,RACKET,BUBBLE,,,,,MOVE FIELD,CUSE,,
53,S,,,,,,,,,,,,,,,,,
54,D,2,8,R,-13,Run,,6,TITAN FIB,QB POWER RD,,,,,FIELD,BAMA OUT,,
55,S,,,,,,,,,,,,,,,,,
56,D,3,2,R,-19,Pass,,0,DEUCE,PENN/BAMA Z FADE,,,,,OKIE,CHECK,,
57,S,,,,,,,,,,,,,,,,,
58,K,4,2,R,-19,Punt Rec,,,,,,,,,,,,
59,S,,,,,,,,,,,,,,,,,
60,O,1,10,R,45,Run,,4,DOUBLES,NEW ENGLAND,,,,,,,,
61,S,,,,,,,,,,,,,,,,,
62,O,2,6,M,41,Run,,-2,TRUCK,WASHINGTON,,,,,,,,
63,S,,,,,,,,,,,,,,,,,
64,O,3,8,R,43,Pass,,20,,VULTURE,,,,,,,,
65,S,,,,,,,,,,,,,,,,,
66,O,1,10,R,23,Pass,,8,,SEAGULL,,,,,,,,
67,S,,,,,,,,,,,,,,,,,
68,O,2,2,R,15,Pass,,7,,SPARROW,,,,,,,,
69,S,,,,,,,,,,,,,,,,,
70,O,1,8,L,8,Pass,,8,,SEAGULL,,,,,,,,
71,S,,,,,,,,,,,,,,,,,
72,K,,,,,FG,,,,,,,,,,,,
73,S,,,,,,,,,,,,,,,,,
74,K,,,,,KO,,,,,,,,,,,,
75,S,,,,,,,,,,,,,,,,,
76,D,1,10,L,-20,Run,,80,TREY,TACKLE WRAP,,,,,FIELD,TEXAS,,
77,S,,,,,,,,,,,,,,,,,
78,K,,,,,FG Block,,,,,,,,,,,,
79,S,,,,,,,,,,,,,,,,,
80,K,,,,,KO Rec,,,,,,,,,,,,
81,S,,,,,,,,,,,,,,,,,
82,O,1,10,L,-33,Run,,3,DEUCE,NY,,,,,,,,
83,S,,,,,,,,,,,,,,,,,
84,O,2,7,L,-36,Run,,3,,XEROX,,,,,,,,
85,S,,,,,,,,,,,,,,,,,
86,O,3,4,L,-39,Pass,,6,,SEAGULL,,,,,,,,
87,S,,,,,,,,,,,,,,,,,
88,O,1,10,R,-45,Run,,2,,LADDER,,,,,,,,
89,S,,,,,,,,,,,,,,,,,
90,O,2,8,R,-47,Pass,,0,TRIO,,,,,,,,,
91,S,,,,,,,,,,,,,,,,,
92,O,3,8,R,-47,Pass,,5,TRIO,JOKER,,,,,,,,
93,S,,,,,,,,,,,,,,,,,
94,K,,,L,,Punt,,,,,,,,,,,,
95,S,,,,,,,,,,,,,,,,,
96,K,4,8,L,-47,Punt,,,,,,,,,,,,
97,S,,,,,,,,,,,,,,,,,
98,D,1,10,L,-16,Run,,11,DUO WING,COUNTER,,,,,EAGLE MOVE,CUSE,,
99,S,,,,,,,,,,,,,,,,,
100,D,1,10,R,-27,Run,,0,UNB TWINS,SPLIT ZONE,,,,,FIELD,TEXAS,,
101,S,,,,,,,,,,,,,,,,,
102,D,2,10,M,-27,Pass,,3,TRAP,ROCKET,,,,,OKIE,HOUSTON,BEAR,
103,S,,,,,,,,,,,,,,,,,
104,D,3,7,R,-30,Pass,,,DOUBLES,PENN DONUT,,,,,WOLF,CLEMSON SHARK,,
105,S,,,,,,,,,,,,,,,,,
106,O,1,10,R,29,Pass,,-8,DOUBLES,,,,,,,,,
107,S,,,,,,,,,,,,,,,,,
108,O,2,18,R,37,Run,,-1,DOUBLES,HOUSTON,,,,,,,,
109,S,,,,,,,,,,,,,,,,,
110,O,3,19,M,38,Pass,,15,BELL,,,,,,,,,
111,S,,,,,,,,,,,,,,,,,
112,K,4,4,L,-23,FG,,,,,,,,,,,,
113,S,,,,,,,,,,,,,,,,,
114,K,,,,,KO,,,,,,,,,,,,
115,S,,,,,,,,,,,,,,,,,
116,D,1,10,R,-49,Run,,3,PRO,POWER,,,,,FIELD,CUSE,,
117,S,,,,,,,,,,,,,,,,,
118,D,2,9,M,48,Run,,-5,TRAP,PIN PULL,,,,,OKIE,CHECK,,
119,S,,,,,,,,,,,,,,,,,
120,D,3,12,M,-47,Pass,,33,DOUBLES,VIRGINIA GEORGIA,,,,,WOLF,CUSE SHARK,,2
121,S,,,,,,,,,,,,,,,,,
122,D,1,10,M,20,Run,,1,DUO WING,COUNTER,,,,,OKIE,HOUSTON,MULE,
123,S,,,,,,,,,,,,,,,,,
124,D,2,9,R,19,Pass,,19,TREY,Y POP PASS,,,,,FIELD,TEXAS,,
125,S,,,,,,,,,,,,,,,,,
126,K,,,,,FG Block,,,,,,,,,,,,
127,S,,,,,,,,,,,,,,,,,
128,K,,,,,KO Rec,,,,,,,,,,,,
129,S,,,,,,,,,,,,,,,,,
130,O,1,10,L,-27,Pass,,0,TRASH,,,,,,,,,
131,S,,,,,,,,,,,,,,,,,
132,O,2,10,L,-27,Run,,1,DOUBLES,NEW ENGLAND,,,,,,,,
133,S,,,,,,,,,,,,,,,,,
134,S,,,,,,,,,,,,,,,,,
135,O,3,9,M,-28,Pass,,-1,EXTRA,,,,,,,,,
136,S,,,,,,,,,,,,,,,,,
137,K,4,10,M,-27,Punt,,,,,,,,,,,,
138,S,,,,,,,,,,,,,,,,,
139,D,1,10,L,-30,Run,,5,PRO,POWER,,,,,FIELD,CUSE,,
140,S,,,,,,,,,,,,,,,,,
141,D,2,5,L,-35,Run,,20,TRAP,TACKLE WRAP,,,,,OKIE,HOUSTON,BEAR,
142,S,,,,,,,,,,,,,,,,,
143,D,1,10,R,45,Run,,7,DUO,QB COUNTER,,,,,EAGLE,CUSE,,
144,S,,,,,,,,,,,,,,,,,
145,D,2,3,R,38,Run,,4,TRAP,TACKLE WRAP,,,,,OKIE,HOUSTON,OTTER,
146,S,,,,,,,,,,,,,,,,,
147,D,1,10,R,34,Pass,,34,PRO,CRACK AND GO,,,,,EAGLE,CUSE,,
148,S,,,,,,,,,,,,,,,,,
149,S,,,,,,,,,,,,,,,,,
150,D,1,15,R,39,Run,,16,DEUCE,TACKLE WRAP,,,,,OKIE,TEXAS,,
151,S,,,,,,,,,,,,,,,,,
152,D,1,10,R,23,Run,,9,PRO,POWER,,,,,FIELD,CUSE,,
153,S,,,,,,,,,,,,,,,,,
154,D,2,1,R,14,Run,,5,PRO FIB,POWER,,,,,OKIE,HOUSTON,MULE,
155,S,,,,,,,,,,,,,,,,,
156,D,1,9,R,9,Run,,1,PRO,SPLIT ZONE READ,,,,,EAGLE,CUSE,,
157,S,,,,,,,,,,,,,,,,,
158,D,2,8,R,8,Pass,,8,TREY,SEAM X SLANT,,,,,FIELD,CUSE,,
159,S,,,,,,,,,,,,,,,,,
160,K,,,,,FG Block,,,,,,,,,,,,
161,S,,,,,,,,,,,,,,,,,
162,K,,,,,KO Rec,,,,,,,,,,,,
163,S,,,,,,,,,,,,,,,,,
164,O,1,10,L,-35,Pass,,-7,TRIO,,,,,,,,,
165,S,,,,,,,,,,,,,,,,,
166,O,2,17,L,-28,Run,,3,TRIO,NEW ENGLAND,,,,,,,,
167,S,,,,,,,,,,,,,,,,,
168,O,1,10,L,-46,Pass,,-2,,FLOUNDER,,,,,,,,
169,S,,,,,,,,,,,,,,,,,
170,O,2,12,R,-44,Run,,2,TRASH,DENVER,,,,,,,,
171,S,,,,,,,,,,,,,,,,,
172,S,,,,,,,,,,,,,,,,,
173,O,3,10,R,-46,Pass,,28,TRIPS,,,,,,,,,
174,S,,,,,,,,,,,,,,,,,
175,O,1,10,R,26,Pass,,0,,SEAGULL,,,,,,,,
176,S,,,,,,,,,,,,,,,,,
177,O,2,10,R,26,Pass,,-7,TRASH,,,,,,,,,
178,S,,,,,,,,,,,,,,,,,
179,S,,,,,,,,,,,,,,,,,
180,O,3,17,R,33,Pass,,8,DOUBLES,NASA,,,,,,,,
181,S,,,,,,,,,,,,,,,,,
182,O,1,10,R,13,Pass,,4,TRASH,,,,,,,,,
183,S,,,,,,,,,,,,,,,,,
184,O,2,6,R,9,Pass,,2,,FLAMINGO,,,,,,,,
185,S,,,,,,,,,,,,,,,,,
186,S,,,,,,,,,,,,,,,,,
187,O,3,4,L,7,Run,,-6,EXTRA,ARIZONA Q,,,,,,,,
188,S,,,,,,,,,,,,,,,,,
189,K,4,4,L,13,FG,,,,,,,,,,,,
190,S,,,,,,,,,,,,,,,,,
191,K,,,L,,KO,,,,,,,,,,,,
192,S,,,,,,,,,,,,,,,,,
193,D,1,10,R,-35,Pass,,0,DOUBLES,VIRGINIA,,,,,TANK,CUSE,,
194,S,,,,,,,,,,,,,,,,,
195,D,2,10,R,-35,Pass,,0,TRIO,FLOOD X DROPOUT,,,,,TANK,CUSE,,
196,S,,,,,,,,,,,,,,,,,
197,D,3,10,R,-35,Pass,,17,TRIO,VIRGINIA DROPOUT,,,,,WOLF,CUSE SHARK,,
198,K,,,,,KO,,,,,,,,,,,,
199,S,,,,,,,,,,,,,,,,,
200,D,1,10,R,-38,Run,,8,DUCK,COUNTER,,,,,FIELD,BAMA OUT,,
201,S,,,,,,,,,,,,,,,,,
202,D,2,2,R,-46,Pass,,2,DUO,Y FOLD,,,,,,HOUSTON,MULE,
203,S,,,,,,,,,,,,,,,,,
204,D,1,10,R,-48,Run,,4,TREY,PIN PULL,,,,,OKIE,TEXAS,,
205,S,,,,,,,,,,,,,,,,,
206,D,2,6,M,48,Pass,,-3,TRAP,BUBBLE,,,,,OKIE,CHECK,,
207,S,,,,,,,,,,,,,,,,,
208,D,3,9,R,-39,Pass,,14,DOUBLES,VIRGINIA,,,,,TANK,CUSE,,
209,S,,,,,,,,,,,,,,,,,
210,D,1,10,L,37,Pass,,36,TWINS,BUBBLE GAS,,,,,EAGLE,CUSE,,3
211,S,,,,,,,,,,,,,,,,,
212,D,1,1,R,1,Run,,1,DUO,QB COUNTER,,,,,EAGLE,CUSE,,
213,S,,,,,,,,,,,,,,,,,
214,K,,,,,FG Block,,,,,,,,,,,,
215,S,,,,,,,,,,,,,,,,,
216,K,,,,,KO Rec,,,,,,,,,,,,
217,S,,,,,,,,,,,,,,,,,
218,O,1,10,M,-27,Run,,0,TRASH,DENVER,,,,,,,,
219,S,,,,,,,,,,,,,,,,,
220,O,2,10,M,-27,Pass,,7,TRIO,,,,,,,,,
221,S,,,,,,,,,,,,,,,,,
222,O,3,3,R,-34,Pass,,4,,FLAMINGO,,,,,,,,
223,S,,,,,,,,,,,,,,,,,
224,O,1,10,L,-38,Run,,4,TRUCK,HOUSTON,,,,,,,,
225,S,,,,,,,,,,,,,,,,,
226,O,2,6,L,-42,Pass,,-5,,SEAGULL,,,,,,,,
227,S,,,,,,,,,,,,,,,,,
228,O,3,11,L,-37,Pass,,7,TRIO,NASA,,,,,,,,
229,S,,,,,,,,,,,,,,,,,
230,K,4,4,L,-44,Punt,,,,,,,,,,,,
231,S,,,,,,,,,,,,,,,,,
232,D,1,10,R,-15,Run,,2,TITAN FIB,QB POWER,,,,,EAGLE,CUSE,,
233,S,,,,,,,,,,,,,,,,,
234,D,2,8,R,-17,Pass,,0,TREY,Y POP PASS,,,,,,HOUSTON,BEAR,
235,S,,,,,,,,,,,,,,,,,
236,D,3,8,R,-17,Pass,,13,DOUBLES,VIRGINIA,,,,,WOLF,CUSE SHARK,,
237,S,,,,,,,,,,,,,,,,,
238,D,1,10,L,-30,Run,,1,PRO,COUNTER,,,,,,HOUSTON,MULE,
239,S,,,,,,,,,,,,,,,,,
240,D,2,9,L,-31,Pass,,11,TRIO,SHOVEL,,,,,,HOUSTON,BILL FALCON,
241,S,,,,,,,,,,,,,,,,,
242,D,1,10,L,-42,Pass,,0,DUO,X FADE,,,,,EAGLE,CUSE,,
243,S,,,,,,,,,,,,,,,,,
244,D,1,15,L,-37,Run,,62,DUO,QB COUNTER,,,,,EAGLE,CUSE,,
245,S,,,,,,,,,,,,,,,,,
246,D,1,1,L,1,Run,,1,DUO,QB COUNTER,,,,,EAGLE,CUSE,,
247,S,,,,,,,,,,,,,,,,,
248,K,,,,,FG Block,,,,,,,,,,,,
249,S,,,,,,,,,,,,,,,,,
250,K,,,,,KO Rec,,,,,,,,,,,,
251,S,,,,,,,,,,,,,,,,,
252,O,1,10,L,-24,Run,,3,DOUBLES,NEW ENGLAND,,,,,,,,
253,S,,,,,,,,,,,,,,,,,
254,D,1,10,L,26,Run,,6,TWINS,POWER,,,,,FIELD,CUSE,,
255,S,,,,,,,,,,,,,,,,,
256,D,2,4,R,20,Run,,3,TWINS FIB,ISO,,,,,,HOUSTON,MULE,
257,S,,,,,,,,,,,,,,,,,
258,D,3,1,M,17,Run,,6,TITAN FIB,POWER,,,,,KNOCK,BAMA OUT,,
259,S,,,,,,,,,,,,,,,,,
260,D,1,10,L,11,Run,,11,TRAP,COUNTER,,,,,,HOUSTON,BEAR,
261,S,,,,,,,,,,,,,,,,,
262,K,,,,,FG Block,,,,,,,,,,,,
263,S,,,,,,,,,,,,,,,,,
264,K,,,,,KO Rec,,,,,,,,,,,,
265,S,,,,,,,,,,,,,,,,,
266,O,1,10,L,-34,Run,,6,DEUCE,NY,,,,,,,,
267,S,,,,,,,,,,,,,,,,,
268,O,2,4,L,-40,Run,,5,DEUCE,HOUSTON,,,,,,,,
269,S,,,,,,,,,,,,,,,,,
270,O,1,10,M,-45,Run,,-1,DEUCE,NY,,,,,,,,
271,S,,,,,,,,,,,,,,,,,
272,O,2,11,L,-44,Pass,,0,,VULTURE,,,,,,,,
273,S,,,,,,,,,,,,,,,,,
274,O,3,11,L,-44,Pass,,13,TENT,AKRON,,,,,,,,
275,S,,,,,,,,,,,,,,,,,
276,O,1,10,L,43,Pass,,6,,SEAGULL,,,,,,,,
277,S,,,,,,,,,,,,,,,,,
278,O,2,4,M,37,Run,,3,DEUCE,NY,,,,,,,,
279,S,,,,,,,,,,,,,,,,,
280,O,3,1,R,34,Pass,,0,,FLAMINGO,,,,,,,,
281,O,1,10,L,24,Run,,1,DEUCE,NY,,,,,,,,
282,S,,,,,,,,,,,,,,,,,
283,S,,,,,,,,,,,,,,,,,
284,O,2,9,L,23,Pass,,0,BELL,,,,,,,,,
285,S,,,,,,,,,,,,,,,,,
286,O,3,9,L,23,Pass,,0,DOUBLES,,,,,,,,,
287,S,,,,,,,,,,,,,,,,,
288,K,4,9,L,23,FG,miss,,,,,,,,,,,
289,S,,,,,,,,,,,,,,,,,
290,S,,,,,,,,,,,,,,,,,
291,O,4,19,R,33,Pass,,0,TRIPS,,,,,,,,,
292,S,,,,,,,,,,,,,,,,,
293,D,1,10,M,-33,Run,,6,TREY,COUNTER,,,,,FIELD,CUSE,,
294,S,,,,,,,,,,,,,,,,,
295,D,2,4,L,-39,Run,,14,DEUCE,TACKLE WRAP,,,,,OKIE,CHECK,,
296,S,,,,,,,,,,,,,,,,,
297,D,1,10,L,47,Run,,5,UNB TWINS FIB,QB POWER,,,,,EAGLE,CUSE,,
298,S,,,,,,,,,,,,,,,,,
299,D,2,5,R,42,Run,,8,TREY,COUNTER,,,,,,HOUSTON,OTTER,
300,S,,,,,,,,,,,,,,,,,
301,D,1,10,L,34,Run,,5,DUCK,SPLIT ZONE,,,,,FIELD,CUSE,,
302,S,,,,,,,,,,,,,,,,,
303,D,2,5,L,29,Run,,13,TITAN FIB,QB POWER,,,,,,CUSE,MULE,
304,S,,,,,,,,,,,,,,,,,
305,D,1,10,L,16,Run,,4,DEUCE,QB POWER,,,,,EAGLE,CUSE,,
306,S,,,,,,,,,,,,,,,,,
307,D,2,6,L,12,Run,,8,DEUCE,QB POWER,,,,,EAGLE,CUSE,,
308,S,,,,,,,,,,,,,,,,,
309,D,1,4,L,4,Run,,2,PRO,QB COUNTER,,,,,ANCHOR,CARDINAL,,
310,S,,,,,,,,,,,,,,,,,
311,D,2,2,L,2,Run,,1,TITAN FIB,QB COUNTER,,,,,ANCHOR,CARDINAL,,
312,S,,,,,,,,,,,,,,,,,
313,D,3,1,L,1,Run,,0,DUO,QB POWER,,,,,ANCHOR,CARDINAL,,4
314,S,,,,,,,,,,,,,,,,,
315,D,4,1,M,1,Run,,1,,QB POWER,,,,,EAGLE,CUSE,,
316,S,,,,,,,,,,,,,,,,,
317,K,,,,,FG Block,,,,,,,,,,,,
318,S,,,,,,,,,,,,,,,,,
319,K,,,,,KO Rec,,,,,,,,,,,,
320,S,,,,,,,,,,,,,,,,,
321,O,1,10,R,-35,Run,,-5,TRUCK,,,,,,,,,
322,S,,,,,,,,,,,,,,,,,
323,O,1,15,R,-30,Run,,4,TREY,NEW ENGLAND,,,,,,,,
324,S,,,,,,,,,,,,,,,,,
325,D,1,10,R,33,Run,,15,TRAP,TACKLE WRAP,,,,,FIELD,CUSE,,
326,S,,,,,,,,,,,,,,,,,
327,D,1,10,M,18,Run,,-3,TRAP,IZR,,,,,FIELD,CUSE,,
328,S,,,,,,,,,,,,,,,,,
329,D,2,13,M,21,Run,,0,TREY,QB COUNTER,,,,,FIELD,CUSE,,
330,S,,,,,,,,,,,,,,,,,
331,D,3,13,L,21,Pass,,20,TREY,Y POP PASS,,,,,FIELD,CLEMSON,,
332,D,1,1,L,1,Run,,1,PRO,POWER,,,,,EAGLE,STANFORD,,
333,S,,,,,,,,,,,,,,,,,
334,K,0,10,,0,FG Block,,,,,,,,,,,,
335,S,,,,,,,,,,,,,,,,,
336,K,,,,,KO Rec,,,,,,,,,,,,
337,S,,,,,,,,,,,,,,,,,
338,O,1,10,L,-30,Run,,4,TRUCK,HOUSTON,,,,,,,,
339,S,,,,,,,,,,,,,,,,,
340,O,2,6,M,-34,Run,,2,TRUCK,HOUSTON,,,,,,,,
341,S,,,,,,,,,,,,,,,,,
342,O,3,4,M,-36,Pass,,0,DOUBLES,,,,,,,,,
343,S,,,,,,,,,,,,,,,,,
344,S,,,,,,,,,,,,,,,,,
345,K,4,4,M,-36,Punt,,,,,,,,,,,,
346,S,,,,,,,,,,,,,,,,,
347,D,1,10,L,-25,Run,,5,PRO,POWER,,,,,FIELD,CUSE,,
348,S,,,,,,,,,,,,,,,,,
349,D,2,5,L,-30,Run,,4,PRO,POWER,,,,,OKIE,CUSE,,
350,S,,,,,,,,,,,,,,,,,
351,D,3,1,L,-34,Run,,5,PRO,POWER,,,,,FIELD,CUSE,,
352,S,,,,,,,,,,,,,,,,,
353,D,1,10,L,-39,Run,,2,PRO,POWER,,,,,FIELD,CUSE,,
354,S,,,,,,,,,,,,,,,,,
355,D,2,8,L,-41,Run,,7,TWINS,COUNTER,,,,,FIELD,CUSE,,
356,S,,,,,,,,,,,,,,,,,
357,D,3,1,L,-48,Run,,0,,,,,,,,HOUSTON,MULE,
358,S,,,,,,,,,,,,,,,,,
359,D,4,1,M,-48,Run,,10,PRO,POWER,,,,,,HOUSTON,BEAR,
360,S,,,,,,,,,,,,,,,,,
361,D,1,10,L,42,,,-1,,,,,,,FIELD,CUSE,,
362,S,,,,,,,,,,,,,,,,,
363,D,2,11,L,43,,,-1,,,,,,,,,,